0.6180
0.7085
0.6377
0.4534
0.5346
0.9550
0.7798
0.8000
0.4781
0.6459
0.4482
0.8491
0.9608
0.7583
0.7888
0.8000
0.6180
0.4583
0.5510
0.4441
0.8493
0.9167
0.8111
0.8186
0.4474
0.5122
0.5501
0.4426
0.8606
0.9439
0.7921
0.8097
0.5180
0.4918
0.6316
0.3826
0.5806
0.9742
0.6784
0.8547
0.5180
0.5820
0.6266
0.3483
0.5498
0.9330
0.7544
0.8054
0.5137
0.5791
0.6272
0.4359
0.8243
0.8852
0.6803
0.8063
0.5459
0.8380
0.5700
0.4577
0.6854
0.9223
0.7643
0.6702
0.4965
0.5417
0.5519
0.4585
0.8914
0.9375
0.7594
0.8137
0.5759
0.6687
0.6214
0.4585
0.5702
0.9624
0.7529
0.6878
0.5713
0.6248
0.4477
0.8950
0.8950
0.7520
0.6077
0.6878
0.6012
0.5874
0.3523
0.7972
0.9507
0.7350
0.5409
0.6610
0.5197
0.6269
0.4596
0.5841
0.9573
0.7633
0.6645
0.6146
0.8520
0.6239
0.3578
0.8889
0.9612
0.7588
0.8047
0.6492
0.6273
0.3609
0.5953
0.8947
0.7438
0.7952
0.8047
0.5574
0.7462
0.6241
0.3463
0.5467
0.9163
0.7396
0.8301
0.5285
0.6007
0.3271
0.5381
0.9356
0.7395
0.7848
0.8301
0.6065
0.8029
0.3920
0.4598
0.6814
0.8916
0.7968
0.8258
0.5814
0.5590
0.4180
0.6842
0.9227
0.6839
0.8013
0.8258
0.5377
0.6143
0.3465
0.8414
0.9154
0.7436
0.8008
0.5562
0.6245
0.4655
0.6986
0.9353
0.6864
0.7787
0.5891
0.6141
0.6205
0.3463
0.5000
0.9598
0.7769
0.6802
0.5542
0.6025
0.3756
0.7917
0.8657
0.7290
0.8095
0.6739
0.6030
0.5564
0.3451
0.5727
0.9787
0.7737
0.8293
0.5447
0.5698
0.3535
0.8060
0.9433
0.7198
0.8078
0.4603
0.5567
0.4505
0.5714
0.9390
0.7452
0.6859
0.4684
0.6920
0.6034
0.4578
0.6872
0.9641
0.7796
0.8391
0.6724
0.4332
0.7061
0.5722
0.4597
0.9031
0.9674
0.7403
0.8042
0.4429
0.4250
0.5739
0.3593
0.8326
0.8586
0.7302
0.6957
0.5402
0.7934
0.5590
0.3449
0.5721
0.9592
0.7039
0.8450
0.5556
0.4528
0.6176
0.5612
0.4566
0.5556
0.9050
0.7655
0.6711
0.4524
0.6205
0.5694
0.5565
0.3530
0.8767
0.9492
0.7951
0.7753
0.5208
0.6849
0.4967
0.6225
0.4364
0.8091
0.9154
0.8047
0.8218
0.5747
0.6080
0.7238
0.5623
0.4430
0.7037
0.9343
0.7510
0.7159
0.5177
0.7593
0.6355
0.4416
0.8009
0.9196
0.7627
0.6939
0.5293
0.5766
0.5402
0.5601
0.4581
0.8552
0.9397
0.7773
0.7125
0.5143
0.7923
0.5092
0.4597
0.8821
0.9949
0.7714
0.8079
0.7125
0.5115
0.7315
0.5539
0.4613
0.8987
0.9289
0.7534
0.7004
0.5618
0.5699
0.6465
0.4608
0.5202
0.8756
0.7391
0.7915
0.4805
0.5135
0.6368
0.4584
0.8455
0.8599
0.7446
0.6731
0.5856
0.6222
0.6392
0.4056
0.8744
0.9126
0.7237
0.7862
0.6235
0.5386
0.4696
0.4565
0.6197
0.9761
0.7654
0.8037
