0.9166
0.2439
0.7391
0.9598
0.8886
0.3447
0.7550
0.9572
0.8962
0.3376
0.8163
0.9702
0.7829
0.4074
0.8040
0.9552
0.8079
0.2218
0.7672
0.9614
0.5742
0.3469
0.8098
0.9549
0.8560
0.3765
0.8572
0.9971
0.7541
0.3364
0.8806
0.9217
0.7857
0.3766
0.8694
0.9357
0.9045
0.3337
0.7939
0.9783
0.8312
0.2325
0.7907
0.9867
0.8412
0.3686
0.8308
0.9736
0.8944
0.3018
0.8093
0.9571
0.8974
0.3708
0.8322
0.9103
0.7766
0.3417
0.8341
0.9657
0.9066
0.3479
0.8245
0.9714
0.9036
0.3566
0.7779
0.9711
0.8951
0.3858
0.7997
0.9973
0.8806
0.3608
0.8423
0.9853
0.9029
0.2603
0.8614
0.9803
0.9904
0.9034
0.3447
0.8329
0.8954
0.9904
0.9161
0.3558
0.8557
0.9505
0.8812
0.3626
0.7514
0.9863
0.8852
0.3610
0.8310
0.9922
0.9107
0.3422
0.8519
0.9550
0.8206
0.3347
0.8640
0.9817
0.8325
0.2443
0.8495
0.9212
0.8349
0.2644
0.8653
0.9484
0.7738
0.3632
0.8594
0.8909
0.8514
0.3625
0.7609
0.9254
0.7977
0.4024
0.8336
0.8847
0.8916
0.3530
0.8681
0.8760
0.8922
0.3646
0.7922
0.9589
0.3389
0.3475
0.8533
0.8679
0.8699
0.2172
0.8421
0.9686
0.9211
0.3614
0.8032
0.9358
0.8369
0.3445
0.8534
0.9661
0.8590
0.3303
0.7799
0.9747
0.7957
0.3394
0.8703
0.9580
0.7956
0.3317
0.8419
0.9599
0.8675
0.3898
0.8598
0.9192
0.6957
0.3394
0.8415
0.4559
0.9835
0.4165
0.3634
0.8516
0.9496
0.9835
0.8407
0.3438
0.8412
0.9333
0.8791
0.3684
0.8452
0.9618
0.9004
0.3552
0.8577
0.9437
0.7977
0.3340
0.8614
0.9663
0.8585
0.3347
0.8628
0.9388
0.9050
0.3615
0.8338
0.9194
0.8545
0.3675
0.8284
0.9728
0.4133
0.8964
0.6304
0.6533
0.9932
0.8531
0.8838
0.8394
0.3587
0.8521
0.9335
0.9932
0.8531
0.8838
0.8881
0.2442
0.8622
0.7303
0.9863
0.3017
0.3668
0.8307
0.9507
0.9863
0.8592
0.3240
0.8540
0.9485
0.2667
0.3413
0.8690
0.9706
0.8806
0.3706
0.8682
0.9827
0.8182
0.3399
0.8341
0.9684
0.2344
0.3695
0.8779
0.9976
0.8713
0.3542
0.8809
0.9572
0.8626
0.3640
0.8148
0.9556
